HDF5 "/Users/ethanhopkins/Desktop/CEF/validation/tests/cipher_167_dir/ciphertext_167.hdf5" {
GROUP "/" {
   
   DATASET "expression" {
      DATATYPE  H5T_VLEN { H5T_IEEE_F64LE }
      DATASPACE  SIMPLE { ( 1677 ) / ( 1677 ) }
      DATA {
      (0): (44, 46, 51, 53),
      (1): (6, 25, 41, 42, 48, 55, 87),
      (2): (13, 51, 53),
      (3): (13, 37, 40, 53, 72, 99),
      (4): (37, 46, 51, 53),
      (5): (13, 37, 46, 53),
      (6): (5, 18, 24, 71, 79),
      (7): (6, 40, 69, 79, 97),
      (8): (13, 44, 53, 99),
      (9): (5, 54, 58, 61, 87),
      (10): (45, 55, 75, 87, 100),
      (11): (8, 66, 71, 75, 98),
      (12): (62, 72, 93),
      (13): (13, 37, 40, 44, 46, 51, 53, 99),
      (14): (5, 18, 33, 80),
      (15): (6, 25, 41, 42, 48, 68, 72),
      (16): (37, 44, 51, 72),
      (17): (20, 66, 71, 75),
      (18): (74, 75),
      (19): (17, 62, 72, 93),
      (20): (25, 42, 48, 55, 87),
      (21): (5, 58, 79),
      (22): (17, 40, 61, 76),
      (23): (21, 22, 29, 31, 39, 48, 57),
      (24): (6, 20, 25, 69, 79, 93),
      (25): (37, 84, 97, 98),
      (26): (40, 61, 67, 72, 76, 93),
      (27): (43, 84, 97),
      (28): (6, 41, 42, 48, 72),
      (29): (5, 11, 54, 58, 61, 79),
      (30): (8, 20, 69, 79),
      (31): (37, 41, 61, 84, 97),
      (32): (55, 74, 84, 100),
      (33): (21, 29, 31, 39, 66, 78),
      (34): (8, 19, 20, 23),
      (35): (43, 84, 98),
      (36): (45, 55, 74, 75, 81, 84, 87),
      (37): (83, 84),
      (38): (6, 25, 42, 55, 72),
      (39): (41, 43, 61, 83, 84, 97),
      (40): (37, 43, 83, 84, 97, 98),
      (41): (44, 51, 53),
      (42): (13, 37, 46, 51, 53, 72),
      (43): (22, 29, 39, 48, 78),
      (44): (24, 33, 59, 71),
      (45): (6, 68, 72, 87),
      (46): (37, 83, 84),
      (47): (5, 36, 54, 58, 61),
      (48): (40, 44, 46, 51, 72, 99),
      (49): (5, 54, 58, 61),
      (50): (6, 8, 25, 40, 79, 93, 97),
      (51): (6, 25, 42, 55, 87),
      (52): (6, 25, 48, 68, 72, 87),
      (53): (11, 54, 61),
      (54): (5, 11, 54, 61),
      (55): (37, 84, 97),
      (56): (55, 74, 75, 84, 87, 100),
      (57): (74, 75, 84),
      (58): (55, 81, 84, 100),
      (59): (8, 20, 23, 40, 66, 71),
      (60): (74, 84, 87, 91, 100),
      (61): (13, 40, 46, 53),
      (62): (13, 37, 51, 53),
      (63): (25, 42, 72, 87),
      (64): (55, 74, 84, 91),
      (65): (37, 40, 44, 72),
      (66): (6, 42, 48, 55),
      (67): (45, 81, 91),
      (68): (5, 18, 33, 47, 71, 79, 80),
      (69): (18, 24, 33, 71, 79, 80),
      (70): (6, 72),
      (71): (8, 19, 20, 23, 40, 71, 75, 98),
      (72): (5, 11, 54, 58, 79),
      (73): (61, 72, 93),
      (74): (13, 44, 46, 51, 53, 99),
      (75): (6, 8, 20, 25, 40, 69),
      (76): (17, 61, 72, 76),
      (77): (74, 75, 84, 87, 91, 100),
      (78): (17, 62, 67),
      (79): (41, 43, 61, 97),
      (80): (75, 81, 87, 91, 100),
      (81): (37, 41, 43, 57, 83, 84, 98),
      (82): (22, 29, 39, 57, 66, 78),
      (83): (6, 25, 68),
      (84): (45, 74, 81, 84, 87, 100),
      (85): (11, 58, 79),
      (86): (8, 19, 20, 40, 66, 98),
      (87): (74, 84, 91),
      (88): (55),
      (89): (6, 25),
      (90): (74, 75, 91),
      (91): (55, 74, 75, 81, 84, 87),
      (92): (74, 75, 84, 91, 100),
      (93): (6, 25, 48, 68, 87),
      (94): (8, 20, 23, 40, 66, 75, 98),
      (95): (8, 20, 79, 97),
      (96): (20, 25, 40, 69, 93, 97),
      (97): (36, 54, 58, 61, 87),
      (98): (22, 29, 31, 39, 78),
      (99): (8, 20, 40, 71),
      (100): (54, 58),
      (101): (8, 19, 20, 23, 40, 71, 98),
      (102): (37, 40, 44, 99),
      (103): (24, 47, 71, 79, 80),
      (104): (61, 67, 76, 93),
      (105): (8, 25, 79),
      (106): (5, 24, 47, 71, 79, 80),
      (107): (74, 81, 87, 91, 100),
      (108): (17, 40, 67, 76, 93),
      (109): (83, 84, 98),
      (110): (8, 20, 66, 75),
      (111): (6, 8, 25, 69, 79, 93),
      (112): (17, 67, 76, 93),
      (113): (61, 72),
      (114): (21, 29, 31, 39, 48, 57, 66),
      (115): (41, 55, 72),
      (116): (37, 83, 84, 98),
      (117): (37, 41, 61, 83, 84, 98),
      (118): (51, 72),
      (119): (41, 84, 98),
      (120): (37, 40, 44, 46, 72),
      (121): (5, 24, 33, 71, 79, 80),
      (122): (6, 25, 42, 68, 87),
      (123): (20, 69, 93, 97),
      (124): (13, 37, 46, 53, 99),
      (125): (6, 20, 40, 79, 97),
      (126): (8, 20, 40, 66, 75),
      (127): (55, 81, 100),
      (128): (5, 24, 33),
      (129): (36, 54, 58, 87),
      (130): (6, 25, 41, 48, 55, 87),
      (131): (25, 41, 68),
      (132): (5, 18, 33, 47, 59, 79, 80),
      (133): (41, 43, 57, 61, 97),
      (134): (100),
      (135): (61, 62),
      (136): (6, 25, 41),
      (137): (8, 40, 69, 79, 93),
      (138): (5, 18, 33),
      (139): (5, 24, 71),
      (140): (13, 37, 40, 46, 72, 99),
      (141): (13, 37, 51),
      (142): (45, 74, 75, 84, 87, 100),
      (143): (22, 31, 57),
      (144): (55, 74, 81, 87, 91),
      (145): (61, 83, 84, 98),
      (146): (13, 40, 46, 51, 53, 72, 99),
      (147): (21, 29, 31, 48, 57, 66),
      (148): (43, 61, 83, 97),
      (149): (13, 37, 40, 46, 53, 72, 99),
      (150): (22, 29, 31, 48, 57, 78),
      (151): (5, 33, 79),
      (152): (6, 25, 42, 48, 55, 72),
      (153): (6, 25, 42),
      (154): (74, 75, 81, 87, 100),
      (155): (45, 55, 84, 87, 91, 100),
      (156): (13, 44, 46, 51, 72),
      (157): (25, 41, 48, 68, 72, 87),
      (158): (8, 23, 40, 66, 71, 75),
      (159): (13, 37, 40, 44, 51, 72),
      (160): (8, 20, 71, 75),
      (161): (40, 51, 72),
      (162): (37, 51, 99),
      (163): (31, 48, 57, 78),
      (164): (41, 57, 61, 83, 98),
      (165): (13, 37, 40, 72, 99),
      (166): (13, 53, 99),
      (167): (17, 61, 62, 76, 93),
      (168): (13, 44, 51, 72, 99),
      (169): (74, 75, 84, 87, 100),
      (170): (13, 37, 51, 72, 99),
      (171): (29, 31, 39, 48, 78),
      (172): (21, 31, 48, 57),
      (173): (6, 8, 20, 79),
      (174): (45, 74, 75, 81, 84, 91, 100),
      (175): (25, 41, 55, 68, 72),
      (176): (55, 75, 81, 84, 100),
      (177): (57, 61, 97, 98),
      (178): (8, 23, 66, 75, 98),
      (179): (40, 69, 93, 97),
      (180): (5, 24, 33, 71, 79),
      (181): (5, 18, 33, 47, 71),
      (182): (8, 20, 40, 71, 75),
      (183): (37, 41, 84, 97),
      (184): (37, 41, 43, 61, 83, 98),
      (185): (45, 74, 81, 87, 91),
      (186): (21, 22, 31, 39, 48, 57),
      (187): (72, 76),
      (188): (55, 74, 81, 91),
      (189): (13, 51, 72),
      (190): (40, 46, 51, 99),
      (191): (43, 57, 61, 83, 84, 97, 98),
      (192): (19, 66, 71, 98),
      (193): (13, 37, 40, 46, 51, 72),
      (194): (55, 75),
      (195): (13, 37, 46, 72),
      (196): (6, 41, 42, 68),
      (197): (45, 55, 74, 81, 84, 87, 91),
      (198): (41, 42, 48, 87),
      (199): (45, 100),
      (200): (13, 44, 46, 99),
      (201): (6, 25, 41, 42, 48, 55, 68, 72),
      (202): (41, 43, 57, 61, 84, 98),
      (203): (13, 40, 46, 53, 72, 99),
      (204): (29, 39, 48, 57, 66, 78),
      (205): (6, 25, 41, 48, 68, 87),
      (206): (25, 42, 48),
      (207): (25, 41, 42, 72),
      (208): (18, 33, 47, 80),
      (209): (45, 74, 75, 81, 84, 87, 91),
      (210): (25, 41, 48, 68, 87),
      (211): (6, 41, 48, 68, 87),
      (212): (6, 72, 87),
      (213): (25, 41, 42, 48, 55, 68),
      (214): (8, 20, 25, 40, 97),
      (215): (29, 31, 39, 57),
      (216): (13, 44, 46, 51),
      (217): (25, 41, 42, 68, 87),
      (218): (40, 97),
      (219): (75, 81, 87),
      (220): (8, 69, 79),
      (221): (13, 40, 51, 53, 99),
      (222): (13, 37, 51, 53, 99),
      (223): (13, 37, 44, 51, 72),
      (224): (43, 57, 61),
      (225): (6, 8, 20, 69),
      (226): (11, 54, 58, 79),
      (227): (43, 57, 61, 83, 84),
      (228): (8, 23, 40, 66, 71, 75, 98),
      (229): (17, 40, 61, 72, 93),
      (230): (17, 40, 61, 62, 67, 93),
      (231): (13, 46, 51, 53, 72),
      (232): (18, 24, 47, 71),
      (233): (6, 25, 40, 69, 79, 97),
      (234): (45, 55, 87, 91),
      (235): (21, 39, 57, 66, 78),
      (236): (75, 91),
      (237): (17, 40, 62, 67),
      (238): (37, 43, 84),
      (239): (20, 40, 66, 75, 98),
      (240): (37, 40, 44, 46, 51, 72),
      (241): (6, 41, 42, 72),
      (242): (6, 8, 20, 25, 40, 69, 93),
      (243): (81, 91),
      (244): (21, 22, 29, 31, 48, 57, 66),
      (245): (29, 31, 39, 48, 57),
      (246): (40, 93, 97),
      (247): (37, 43, 61, 84, 97),
      (248): (5, 18, 24, 33, 71, 80),
      (249): (29, 39, 57, 78),
      (250): (21, 22, 29, 66),
      (251): (6, 25, 42, 48, 72),
      (252): (13, 51, 99),
      (253): (45, 74, 75, 81, 87, 91),
      (254): (8, 20, 25, 40, 79, 97),
      (255): (40, 61, 62, 72, 93),
      (256): (5, 18, 33, 47, 71, 79),
      (257): (13, 46, 53, 99),
      (258): (6, 25, 42, 55, 68),
      (259): (6, 8, 20, 69, 93, 97),
      (260): (41, 42, 48, 55),
      (261): (20, 25, 40, 79, 97),
      (262): (40, 61, 67),
      (263): (20, 40, 71, 75, 98),
      (264): (19, 23, 66, 71, 98),
      (265): (13, 37, 44, 51, 72, 99),
      (266): (25, 41, 68, 87),
      (267): (13, 44, 51, 99),
      (268): (41, 42, 48, 55, 68, 72, 87),
      (269): (41, 42, 55, 68, 72, 87),
      (270): (29, 31, 48, 57, 66),
      (271): (21, 22, 31, 39, 57, 78),
      (272): (55, 75, 81, 100),
      (273): (45, 55, 74, 75, 81, 91),
      (274): (6, 20, 25, 40, 79, 97),
      (275): (5, 24, 33, 47, 80),
      (276): (20, 66, 71, 75, 98),
      (277): (40, 61, 67, 72, 76),
      (278): (8, 25, 79, 97),
      (279): (29, 31, 39, 48, 57, 78),
      (280): (21, 22, 29, 31, 48, 57),
      (281): (13, 40, 44, 46, 53, 99),
      (282): (6, 8, 20, 40, 93, 97),
      (283): (13, 40, 46, 72),
      (284): (13, 37, 51, 72),
      (285): (8, 19, 20, 40, 71),
      (286): (41, 42, 48, 55, 87),
      (287): (18, 24, 33, 47, 59, 71, 79, 80),
      (288): (11, 61, 79, 87),
      (289): (45, 74, 91),
      (290): (8, 20, 23, 98),
      (291): (45, 74, 75, 84),
      (292): (11, 54, 58),
      (293): (5, 11, 54, 58),
      (294): (37, 40, 44, 53, 99),
      (295): (17, 72, 76, 93),
      (296): (45, 55, 84),
      (297): (37, 41, 57, 61, 83, 98),
      (298): (6, 25, 42, 48),
      (299): (13, 44, 51, 72),
      (300): (21, 29, 31, 48, 57, 66, 78),
      (301): (23, 66, 71, 98),
      (302): (8, 20, 69, 93),
      (303): (31, 39, 48, 57),
      (304): (81, 87),
      (305): (55, 84),
      (306): (43, 57, 84, 98),
      (307): (45, 74, 75, 84, 91, 100),
      (308): (37, 43, 84, 98),
      (309): (5, 11, 58),
      (310): (40, 61, 72),
      (311): (25, 41, 42),
      (312): (55, 74, 75, 100),
      (313): (45, 81, 87, 100),
      (314): (6, 8, 25, 40, 69, 79, 93, 97),
      (315): (8, 20, 69, 79, 97),
      (316): (41, 42, 48),
      (317): (6, 41, 42, 48, 55, 68, 72),
      (318): (13, 37, 40, 44),
      (319): (17, 40, 61, 62, 67, 76, 93),
      (320): (37, 44, 46, 51, 53),
      (321): (8, 40, 71, 75, 98),
      (322): (11, 36, 54, 61, 79, 87),
      (323): (21, 22, 29, 31, 66, 78),
      (324): (8, 19, 20, 23, 66, 71),
      (325): (19, 20, 66, 75, 98),
      (326): (6, 8, 79, 93),
      (327): (6, 25, 41, 42, 48, 68, 72, 87),
      (328): (55, 75, 81, 84, 87, 100),
      (329): (21, 22, 29, 31, 57, 66, 78),
      (330): (21, 22, 29, 31, 39, 48, 57, 66),
      (331): (18, 47, 71, 79),
      (332): (6, 25, 41, 55, 72, 87),
      (333): (8, 20, 25, 79, 93, 97),
      (334): (29, 39, 48, 66, 78),
      (335): (41, 42, 55),
      (336): (5, 36, 54, 87),
      (337): (45, 55, 91),
      (338): (41, 42, 87),
      (339): (45, 91, 100),
      (340): (45, 55, 75, 81, 84, 87, 91, 100),
      (341): (8, 19, 66, 75, 98),
      (342): (74, 84, 91, 100),
      (343): (45, 55, 81, 84, 91, 100),
      (344): (41, 43, 57, 83, 84),
      (345): (45, 74, 87),
      (346): (19, 20, 66, 71, 75, 98),
      (347): (74, 84, 100),
      (348): (11, 54, 58, 61, 79, 87),
      (349): (22, 31, 57, 66, 78),
      (350): (11, 58, 87),
      (351): (41, 43, 61, 84),
      (352): (6, 8, 25, 40, 97),
      (353): (37, 57, 84, 97, 98),
      (354): (37, 41, 57, 61, 83, 97, 98),
      (355): (37, 43, 57, 83, 98),
      (356): (13, 44, 46),
      (357): (17, 40, 62, 67, 72, 76, 93),
      (358): (5, 33, 59, 71, 80),
      (359): (8, 20, 40, 79),
      (360): (43, 57, 61, 97),
      (361): (41, 42, 55, 87),
      (362): (45, 91),
      (363): (41, 43, 61, 84, 97),
      (364): (6, 8, 79, 97),
      (365): (62, 67, 93),
      (366): (37, 57, 61, 83, 84, 98),
      (367): (19, 23, 66, 71, 75, 98),
      (368): (40, 62, 67, 72, 76, 93),
      (369): (20, 25, 40, 69, 79),
      (370): (51, 53, 99),
      (371): (41, 43, 57, 61, 83, 97, 98),
      (372): (8, 20, 25, 40, 69, 93),
      (373): (37, 40, 44, 51, 53),
      (374): (37, 44, 46, 53, 72, 99),
      (375): (45, 75, 100),
      (376): (62, 93),
      (377): (22, 29, 31, 39, 48, 57, 66),
      (378): (45, 75, 81, 84, 87, 100),
      (379): (37, 44, 51, 72, 99),
      (380): (17, 62),
      (381): (8, 20, 23, 40, 66, 71, 75, 98),
      (382): (8, 19, 20, 23, 40),
      (383): (6, 25, 42, 55, 68, 72, 87),
      (384): (37, 41, 43, 57, 83, 84, 97),
      (385): (13, 37, 44, 53, 72),
      (386): (58, 79, 87),
      (387): (5, 11, 61, 79, 87),
      (388): (22, 31, 57, 66),
      (389): (40, 44, 51, 53),
      (390): (6, 8, 20, 25, 69, 93),
      (391): (21, 31, 39, 48, 57, 66, 78),
      (392): (5, 36, 54, 58, 61, 87),
      (393): (21, 31, 39, 57, 66),
      (394): (61, 62, 93),
      (395): (18, 24, 33, 71, 80),
      (396): (41, 48, 55, 72),
      (397): (19, 20, 23, 71, 75, 98),
      (398): (25, 42, 48, 55, 68, 87),
      (399): (6, 41, 55),
      (400): (37, 43, 84, 97, 98),
      (401): (41, 84),
      (402): (22, 29, 31, 39, 48, 57),
      (403): (21, 31, 57),
      (404): (21, 31, 57, 78),
      (405): (37, 41, 43, 84, 97, 98),
      (406): (13, 46, 51, 53, 72, 99),
      (407): (6, 25, 41, 42, 72),
      (408): (41, 43, 57, 61, 83),
      (409): (21, 22, 39, 48, 57, 78),
      (410): (25, 42),
      (411): (5, 18, 24, 33, 47, 79, 80),
      (412): (39, 57, 66, 78),
      (413): (25, 41, 48, 55, 68, 72, 87),
      (414): (6, 42, 55, 72),
      (415): (45, 55, 75, 81, 91),
      (416): (5, 18, 33, 79, 80),
      (417): (57, 83, 84, 97, 98),
      (418): (57, 61, 83, 84),
      (419): (21, 22, 31, 57, 66, 78),
      (420): (5, 18, 24, 33, 47, 59, 71, 79),
      (421): (5, 18, 24, 47, 59, 79, 80),
      (422): (6, 41, 42, 55, 87),
      (423): (45, 55, 74, 100),
      (424): (13, 51, 53, 99),
      (425): (45, 55, 74, 75, 84, 87, 100),
      (426): (22, 29, 31, 39, 66, 78),
      (427): (5, 11, 36, 54, 58, 61, 79, 87),
      (428): (55, 75, 84),
      (429): (41, 61, 84, 97),
      (430): (22, 31, 39, 48, 57, 78),
      (431): (21, 39, 57, 78),
      (432): (22, 29, 31, 66, 78),
      (433): (8, 19, 20, 71),
      (434): (13, 37, 40, 44, 72, 99),
      (435): (11, 36, 54, 61),
      (436): (13, 37, 40, 44, 53, 72),
      (437): (6, 41, 72, 87),
      (438): (25, 41, 42, 48, 55, 87),
      (439): (17, 61, 62, 67, 76),
      (440): (5, 18, 24, 47, 71, 79),
      (441): (41, 42, 55, 68, 87),
      (442): (45, 55, 74, 81, 84, 87),
      (443): (41, 42),
      (444): (6, 25, 42, 48, 55, 68, 87),
      (445): (5, 24, 71, 80),
      (446): (23, 40, 66, 71, 75, 98),
      (447): (5, 18, 24, 33, 79),
      (448): (6, 8, 20, 25, 40, 79),
      (449): (25, 41, 48, 68),
      (450): (25, 41, 55, 87),
      (451): (25, 41, 48, 68, 72),
      (452): (45, 75, 81, 84, 87, 91, 100),
      (453): (13, 99),
      (454): (18, 24, 47, 71, 79, 80),
      (455): (11, 36, 54),
      (456): (5, 18, 33, 47, 80),
      (457): (13, 37, 40, 44, 51, 53, 72, 99),
      (458): (43, 57, 61, 84),
      (459): (19, 23, 40, 66, 71, 98),
      (460): (6, 8, 25, 79, 93, 97),
      (461): (29, 31, 39, 57, 78),
      (462): (37, 40, 44, 51, 72, 99),
      (463): (5, 33, 71, 80),
      (464): (61, 62, 67, 72, 76),
      (465): (20, 23, 40, 66, 75, 98),
      (466): (61, 76),
      (467): (6, 25, 40, 69, 93, 97),
      (468): (40, 62, 67, 76, 93),
      (469): (22, 29, 48, 78),
      (470): (24, 59, 71),
      (471): (37, 41, 43, 57, 83, 84),
      (472): (17, 76, 93),
      (473): (45, 75, 91, 100),
      (474): (37, 44, 46, 51, 53, 72),
      (475): (8, 20, 25, 40, 79, 93),
      (476): (8, 19, 20, 23, 40, 66, 98),
      (477): (45, 81, 87, 91, 100),
      (478): (55, 81, 87, 100),
      (479): (8, 20, 25, 40, 69, 79, 93, 97),
      (480): (37, 40, 44, 46, 53),
      (481): (55, 74, 81, 84, 87),
      (482): (45, 55, 87, 100),
      (483): (29, 39, 57, 66, 78),
      (484): (8, 19, 40, 71, 75, 98),
      (485): (57, 61, 83, 97, 98),
      (486): (13, 37, 40, 44, 46, 72, 99),
      (487): (45, 55, 74, 84, 91, 100),
      (488): (45, 55, 75, 81, 84, 91, 100),
      (489): (36, 54, 61, 87),
      (490): (45, 55, 74, 75, 84, 100),
      (491): (37, 43, 83, 84, 98),
      (492): (37, 40, 51, 53),
      (493): (24, 47, 71, 79),
      (494): (17, 62, 67, 72),
      (495): (19, 23, 40, 66, 71, 75, 98),
      (496): (6, 25, 41, 55, 68, 72, 87),
      (497): (6, 25, 41, 42),
      (498): (6, 25, 41, 48, 68),
      (499): (43, 57, 61, 83, 84, 98),
      (500): (55, 75, 84, 87, 100),
      (501): (6, 8, 20, 25, 69, 79, 93, 97),
      (502): (75, 100),
      (503): (45, 55, 81, 84, 87, 100),
      (504): (18, 47, 59, 71, 79),
      (505): (43, 57, 61, 83, 97, 98),
      (506): (21, 22, 29, 31, 39, 57, 66),
      (507): (5, 11, 36, 61, 87),
      (508): (6, 8, 20, 25, 40, 69, 79, 93),
      (509): (5, 24, 71, 79, 80),
      (510): (45, 55, 81, 87, 91, 100),
      (511): (45, 74, 75, 81, 87, 100),
      (512): (31, 39, 57, 78),
      (513): (74, 87),
      (514): (13, 40, 51, 53),
      (515): (5, 24, 33, 47, 71, 80),
      (516): (6, 8, 40, 69, 79),
      (517): (6, 20, 40, 69, 79, 93, 97),
      (518): (41, 43, 57, 61, 83, 98),
      (519): (19, 40, 66, 71, 98),
      (520): (13, 40, 46, 51, 72),
      (521): (41, 43, 61, 83, 97, 98),
      (522): (45, 84, 91),
      (523): (8, 25, 40, 79),
      (524): (25, 41, 48, 55, 68, 87),
      (525): (37, 43, 57, 61, 97),
      (526): (37, 41, 61, 83, 84, 97, 98),
      (527): (41, 42, 55, 68, 72),
      (528): (5, 24, 33, 59, 71, 79, 80),
      (529): (13, 46, 53),
      (530): (41, 55, 72, 87),
      (531): (8, 23, 40, 66, 75, 98),
      (532): (21, 22, 29, 31, 57, 66),
      (533): (6, 41, 48, 72),
      (534): (5, 24, 33, 80),
      (535): (62, 76, 93),
      (536): (45, 75, 81, 91),
      (537): (37, 43, 57, 83, 84, 97, 98),
      (538): (5, 58, 61),
      (539): (45, 55, 81, 87, 91),
      (540): (19, 23, 71, 75, 98),
      (541): (5, 18, 33, 59),
      (542): (20, 69, 97),
      (543): (45, 74, 84, 87, 91, 100),
      (544): (25, 40, 79, 97),
      (545): (6, 25, 41, 42, 55, 68, 72, 87),
      (546): (36, 61, 87),
      (547): (45, 55, 81, 84, 87, 91),
      (548): (45, 74, 84, 100),
      (549): (17, 40, 62, 67, 72),
      (550): (45, 74, 100),
      (551): (8, 20, 69),
      (552): (40, 46, 51, 72),
      (553): (6, 25, 40, 79, 93, 97),
      (554): (25, 41, 48, 55, 68),
      (555): (13, 44, 51, 53, 72),
      (556): (17, 40, 62, 72),
      (557): (13, 37, 44, 51),
      (558): (41, 42, 55, 68),
      (559): (55, 74, 81, 87),
      (560): (57, 97, 98),
      (561): (45, 55, 75, 81, 87, 100),
      (562): (6, 8, 25, 40, 69, 79, 97),
      (563): (13, 40, 44, 46, 51, 53, 72, 99),
      (564): (37, 46, 51, 99),
      (565): (11, 58),
      (566): (8, 20, 40, 79, 97),
      (567): (5, 24, 33, 47),
      (568): (25, 41, 42, 68),
      (569): (61, 84, 98),
      (570): (37, 41, 43, 57, 61, 83, 98),
      (571): (55, 75, 81, 87, 100),
      (572): (22, 29, 31, 78),
      (573): (41, 84, 97, 98),
      (574): (18, 24, 47),
      (575): (5, 24, 33, 71),
      (576): (37, 84, 98),
      (577): (18, 24, 33, 47, 59),
      (578): (11, 58, 61, 87),
      (579): (21, 29, 31, 57, 66, 78),
      (580): (45, 55, 74, 75, 81, 87, 91),
      (581): (37, 61, 84, 98),
      (582): (61, 79, 87),
      (583): (45, 55, 74, 75, 87, 91, 100),
      (584): (37, 83, 84, 97),
      (585): (13, 40, 44, 51, 53, 72, 99),
      (586): (6, 41, 48, 68, 72, 87),
      (587): (18, 33, 47, 71, 79, 80),
      (588): (5, 36, 58, 87),
      (589): (8, 79),
      (590): (11, 36, 58, 61, 79, 87),
      (591): (25, 42, 55, 87),
      (592): (8, 20, 25, 69),
      (593): (13, 40, 51, 53, 72),
      (594): (55, 74, 75, 81, 84, 87, 91, 100),
      (595): (41, 43, 84, 97),
      (596): (37, 43, 84, 97),
      (597): (6, 25, 40, 79, 97),
      (598): (13, 44, 46, 51, 72, 99),
      (599): (13, 37, 44, 46, 51, 72),
      (600): (5, 33, 47, 59, 79),
      (601): (43, 83, 84, 97, 98),
      (602): (5, 24, 33, 47, 71, 79, 80),
      (603): (8, 40, 93, 97),
      (604): (40, 62, 72, 93),
      (605): (45, 55, 74, 81, 84, 87, 91, 100),
      (606): (5, 24, 33, 71, 80),
      (607): (37, 57, 98),
      (608): (45, 55, 74, 75, 100),
      (609): (19, 66, 71, 75, 98),
      (610): (41, 48, 72, 87),
      (611): (13, 44, 51, 53, 99),
      (612): (37, 43, 57, 98),
      (613): (25, 41, 42, 48, 55, 72, 87),
      (614): (75, 81, 84, 87, 100),
      (615): (13, 44, 72),
      (616): (8, 19, 20, 23, 40, 66, 71, 75),
      (617): (43, 57, 83, 98),
      (618): (5, 33, 59, 79),
      (619): (25, 41, 55, 68, 72, 87),
      (620): (5, 11, 36, 54, 58, 87),
      (621): (55, 75, 91),
      (622): (8, 40, 69, 79),
      (623): (6, 41, 42, 55, 68),
      (624): (21, 29, 39, 57, 66, 78),
      (625): (45, 55, 74, 81),
      (626): (21, 22, 39, 57, 66, 78),
      (627): (62, 67, 72, 76, 93),
      (628): (6, 8, 40, 97),
      (629): (8, 19, 20, 23, 98),
      (630): (6, 25, 48, 68),
      (631): (8, 79, 93, 97),
      (632): (41, 42, 48, 55, 68, 87),
      (633): (6, 8, 25, 40, 69, 79, 93),
      (634): (6, 25, 41, 42, 68),
      (635): (55, 75, 84, 87, 91, 100),
      (636): (5, 33, 59, 80),
      (637): (45, 55, 74, 75, 81, 84, 87, 100),
      (638): (21, 29, 39, 66, 78),
      (639): (22, 29, 48, 66, 78),
      (640): (75, 84, 91, 100),
      (641): (5, 18, 24, 33, 47, 71),
      (642): (6, 42, 48, 55, 68),
      (643): (45, 74, 87, 91, 100),
      (644): (13, 37, 44, 53, 99),
      (645): (8, 19, 23, 40, 66, 71, 75, 98),
      (646): (37, 41, 43, 57, 84, 98),
      (647): (8, 20, 40, 66, 71, 75, 98),
      (648): (29, 31, 57, 66),
      (649): (17, 61, 62, 67, 76, 93),
      (650): (6, 8, 20, 25, 69, 79),
      (651): (11, 58, 79, 87),
      (652): (40, 51, 99),
      (653): (41, 68, 72),
      (654): (17, 40),
      (655): (61, 67, 72, 93),
      (656): (6, 25, 41, 55, 68, 72),
      (657): (6, 25, 41, 42, 48, 55, 68, 87),
      (658): (13, 40, 46, 53, 99),
      (659): (39, 57, 78),
      (660): (75, 91, 100),
      (661): (6, 8, 40, 69, 79, 97),
      (662): (5, 24, 33, 59, 71, 79),
      (663): (13, 37, 46, 53, 72, 99),
      (664): (22, 29, 39, 48, 57, 78),
      (665): (6, 42, 72),
      (666): (13, 37, 40, 44, 51, 53, 99),
      (667): (37, 40, 44, 53, 72),
      (668): (54, 61),
      (669): (37, 40, 44),
      (670): (43, 57, 61, 84, 97),
      (671): (45, 74, 81, 84, 87, 91),
      (672): (17, 61),
      (673): (6, 8, 20, 25, 79, 93, 97),
      (674): (6, 25, 41, 55, 68, 87),
      (675): (40, 61, 62, 67, 72, 93),
      (676): (37, 43, 57, 84, 97, 98),
      (677): (8, 19, 20, 23, 75, 98),
      (678): (17, 40, 67, 72, 76, 93),
      (679): (45, 55, 75, 81, 100),
      (680): (41, 43, 61, 83, 97),
      (681): (13, 44, 51),
      (682): (40, 76),
      (683): (36, 54, 58, 79, 87),
      (684): (25, 41, 68, 72, 87),
      (685): (21, 22, 29, 57, 66),
      (686): (13, 40, 44, 46),
      (687): (55, 84, 87, 100),
      (688): (8, 20, 25, 69, 97),
      (689): (8, 19, 20, 23, 66, 75),
      (690): (45, 74),
      (691): (5, 36, 58),
      (692): (45, 55, 81, 100),
      (693): (37, 41, 61, 84),
      (694): (37, 41, 84, 97, 98),
      (695): (22, 31, 48, 57),
      (696): (20, 23, 71, 75, 98),
      (697): (74, 81, 84, 87),
      (698): (17, 67),
      (699): (25, 41, 42, 55, 68, 72, 87),
      (700): (37, 40, 44, 46, 53, 72, 99),
      (701): (5, 11, 36, 54, 58, 79, 87),
      (702): (8, 25, 69, 79, 93),
      (703): (17, 61, 62, 72, 76, 93),
      (704): (13, 53, 72),
      (705): (20, 25, 69, 93, 97),
      (706): (5, 18, 24, 33, 59, 79),
      (707): (17, 40, 61, 62, 72, 76),
      (708): (21, 29, 31, 57, 66),
      (709): (58, 79),
      (710): (54, 58, 79, 87),
      (711): (55, 81, 91, 100),
      (712): (5, 58, 79, 87),
      (713): (55, 74, 87, 91, 100),
      (714): (5, 11, 58, 79),
      (715): (5, 33, 80),
      (716): (6, 8, 40, 69, 79, 93),
      (717): (20, 25, 40, 97),
      (718): (25, 41, 42, 68, 72, 87),
      (719): (37, 61, 83, 84, 98),
      (720): (17, 40, 61, 67, 76),
      (721): (24, 59, 71, 79),
      (722): (55, 81, 84, 87, 100),
      (723): (5, 58),
      (724): (8, 19, 40, 71, 98),
      (725): (13, 53),
      (726): (6, 8, 20, 79, 97),
      (727): (61, 62, 72, 93),
      (728): (91),
      (729): (5, 18, 47, 59, 71, 79),
      (730): (5, 11, 36, 54, 87),
      (731): (45, 55, 75, 84, 87, 100),
      (732): (5, 18, 33, 47, 79, 80),
      (733): (5, 33, 47, 71, 79, 80),
      (734): (20, 23, 66, 71, 75),
      (735): (20, 25, 40, 69, 79, 93),
      (736): (17, 61, 62, 93),
      (737): (17, 62, 67, 72, 93),
      (738): (8, 20, 23, 66),
      (739): (13, 40, 51, 72),
      (740): (57, 61, 84, 97, 98),
      (741): (41, 72),
      (742): (17, 61, 62, 67, 93),
      (743): (8, 40, 66, 75, 98),
      (744): (24, 71),
      (745): (13, 37),
      (746): (41, 43, 57, 83, 84, 97),
      (747): (74, 75, 81, 87, 91),
      (748): (45, 55, 74, 75, 84, 87, 91),
      (749): (41, 43, 61, 84, 97, 98),
      (750): (55, 74, 81, 84, 91),
      (751): (17, 40, 61, 67, 72, 93),
      (752): (67, 76),
      (753): (45, 55, 74, 81, 91, 100),
      (754): (18, 24, 47, 59, 71, 79, 80),
      (755): (5, 36, 54, 58, 61, 79),
      (756): (37, 43, 57, 83, 97, 98),
      (757): (6, 25, 41, 48, 72, 87),
      (758): (45, 74, 84, 91),
      (759): (8, 25, 40, 79, 93, 97),
      (760): (13, 46, 51, 99),
      (761): (61, 62, 72, 76, 93),
      (762): (58),
      (763): (8, 40, 79, 93, 97),
      (764): (13, 37, 40, 44, 46, 51, 53, 72, 99),
      (765): (8, 20, 23, 40, 98),
      (766): (37, 41, 57, 84, 97),
      (767): (17, 40, 62, 76, 93),
      (768): (21, 22, 29, 31, 48, 57, 66, 78),
      (769): (6, 25, 41, 48, 55),
      (770): (17, 40, 62, 67, 76, 93),
      (771): (17, 40, 61, 72, 76),
      (772): (36, 54, 61, 79),
      (773): (6, 25, 41, 48, 55, 68, 72, 87),
      (774): (18, 24, 33, 47, 59, 79),
      (775): (6, 41, 42),
      (776): (40, 61, 62),
      (777): (37, 43, 61, 84, 98),
      (778): (19, 20, 40, 71, 75, 98),
      (779): (41, 43, 57, 61, 83, 84),
      (780): (6, 8, 79, 93, 97),
      (781): (37, 57, 84, 98),
      (782): (29, 31, 48, 57, 78),
      (783): (21, 29, 39, 48, 57, 66, 78),
      (784): (5, 61, 79, 87),
      (785): (25, 41, 42, 48, 55, 68, 87),
      (786): (45, 55, 74, 81, 84, 91),
      (787): (6, 41, 55, 68, 87),
      (788): (74, 75, 84, 100),
      (789): (18, 24, 33, 47, 59, 80),
      (790): (6, 42, 48, 68),
      (791): (21, 22, 29, 39, 57, 66),
      (792): (18, 33, 47, 71),
      (793): (19, 71, 98),
      (794): (6, 41, 42, 68, 72, 87),
      (795): (45, 55, 81, 87, 100),
      (796): (17, 40, 67, 72),
      (797): (11, 58, 61, 79, 87),
      (798): (11, 36, 61, 79),
      (799): (45, 55, 74, 75, 84, 91, 100),
      (800): (45, 84, 100),
      (801): (37, 43, 61, 83, 97, 98),
      (802): (20, 25, 40, 69, 93),
      (803): (5, 11, 36, 61, 79),
      (804): (37, 44, 46, 53, 99),
      (805): (17, 61, 67, 76),
      (806): (8, 20, 40, 79, 93),
      (807): (6, 25, 41, 42, 55, 72, 87),
      (808): (21, 29, 31, 39, 78),
      (809): (55, 75, 87, 91, 100),
      (810): (8, 25, 40, 93, 97),
      (811): (20, 23, 40, 66, 71, 98),
      (812): (43, 57, 84),
      (813): (13, 37, 53),
      (814): (8, 19, 20, 66, 71, 75),
      (815): (45, 74, 91, 100),
      (816): (22, 29, 31, 48),
      (817): (17, 40, 61, 62, 67, 76),
      (818): (74, 100),
      (819): (81, 87, 100),
      (820): (13, 37, 40, 46, 53, 72),
      (821): (81, 84, 87, 91, 100),
      (822): (5, 24, 33, 47, 59),
      (823): (61, 62, 67, 76),
      (824): (54, 58, 87),
      (825): (37, 40, 51, 72, 99),
      (826): (21, 22, 29, 57),
      (827): (13, 37, 44, 46, 53, 99),
      (828): (74, 87, 91),
      (829): (55, 74, 75, 81, 87, 91),
      (830): (45, 55, 74, 75, 81),
      (831): (36, 61, 79),
      (832): (8, 20, 79),
      (833): (21, 22, 29, 31, 39, 57),
      (834): (45, 74, 75, 100),
      (835): (43, 61, 83, 97, 98),
      (836): (6, 42, 68, 72),
      (837): (22, 39, 48, 78),
      (838): (6, 25, 48, 87),
      (839): (8, 25, 40, 69, 79, 93),
      (840): (18, 47, 59, 80),
      (841): (13, 44, 72, 99),
      (842): (8, 20, 71, 98),
      (843): (17, 40, 62, 72, 93),
      (844): (8, 20, 23, 40, 66, 98),
      (845): (8, 19, 20, 23, 66, 71, 98),
      (846): (17, 61, 67, 72),
      (847): (25, 42, 55, 72),
      (848): (8, 19, 20, 23, 40, 75, 98),
      (849): (45, 75, 81, 84, 91),
      (850): (55, 74, 75, 81, 87, 91, 100),
      (851): (25, 41, 42, 48, 87),
      (852): (13, 40, 44, 53, 72),
      (853): (43, 61, 83, 84, 97, 98),
      (854): (20, 40, 79, 97),
      (855): (74, 91),
      (856): (6, 41, 48, 55),
      (857): (25, 41, 42, 48, 68, 87),
      (858): (37, 41, 57, 84),
      (859): (37, 43, 57, 84),
      (860): (6, 25, 41, 42, 68, 87),
      (861): (31, 39, 57),
      (862): (6, 41, 48, 87),
      (863): (20, 40, 97),
      (864): (55, 74, 75, 81, 87, 100),
      (865): (40, 66, 71, 98),
      (866): (46, 51, 99),
      (867): (37, 40, 44, 51, 53, 72),
      (868): (44, 46, 51, 72, 99),
      (869): (45, 55, 75),
      (870): (5, 24, 33, 59, 71, 80),
      (871): (6, 41, 42, 48, 55),
      (872): (6, 41, 42, 55, 68, 72),
      (873): (13, 37, 46, 51, 53, 72, 99),
      (874): (37, 57, 83, 98),
      (875): (6, 8, 25, 69, 79),
      (876): (6, 55, 72),
      (877): (6, 25, 48, 72, 87),
      (878): (6, 8, 20, 40, 79, 93),
      (879): (8, 25, 79, 93, 97),
      (880): (43, 57, 84, 97),
      (881): (29, 31, 39, 48, 66, 78),
      (882): (75, 84, 100),
      (883): (13, 37, 40, 44, 46, 51, 99),
      (884): (21, 22, 29, 31, 39, 48),
      (885): (5, 11, 36, 58, 61, 79),
      (886): (37, 43, 61, 83, 98),
      (887): (6, 25, 41, 72),
      (888): (55, 74, 75, 87, 100),
      (889): (6, 25, 42, 48, 55, 68, 72, 87),
      (890): (21, 22, 29, 31, 39, 66, 78),
      (891): (61, 93),
      (892): (8, 19, 20, 23, 40, 66, 75),
      (893): (45, 55),
      (894): (41, 61, 84),
      (895): (17, 61, 62, 72, 76),
      (896): (6, 20, 25, 40, 69, 93, 97),
      (897): (6, 42, 55, 72, 87),
      (898): (13, 37, 40, 46, 51, 72, 99),
      (899): (6, 25, 48, 55, 68, 72, 87),
      (900): (6, 41, 48, 55, 68),
      (901): (13, 46, 51, 53),
      (902): (55, 74, 81, 84),
      (903): (8, 19, 20, 40, 66, 75, 98),
      (904): (40, 79, 97),
      (905): (6, 8, 20, 40, 69, 79, 93, 97),
      (906): (18, 33, 47, 71, 79),
      (907): (25, 40, 69, 97),
      (908): (11, 36, 58, 61, 79),
      (909): (74, 81, 87, 91),
      (910): (55, 74, 75, 84, 100),
      (911): (20, 25, 69, 97),
      (912): (5, 24, 33, 47, 71),
      (913): (55, 74, 75, 81),
      (914): (45, 55, 75, 84),
      (915): (36, 54, 61, 79, 87),
      (916): (51, 99),
      (917): (8, 19, 20, 40, 66, 71, 75, 98),
      (918): (8, 40, 71, 98),
      (919): (74, 75, 91, 100),
      (920): (13, 40, 44, 46, 51, 53),
      (921): (22, 29, 39, 66, 78),
      (922): (5, 36, 54, 79),
      (923): (8, 20, 23, 40, 71, 98),
      (924): (5, 36, 61),
      (925): (37, 40, 44, 46, 53, 99),
      (926): (5, 24, 33, 59, 71),
      (927): (6, 42, 68, 72, 87),
      (928): (5, 11, 58, 79, 87),
      (929): (6, 8, 20, 69, 79, 97),
      (930): (6, 8, 20, 40, 69, 79, 93),
      (931): (6, 8, 20, 40, 69, 79, 97),
      (932): (13, 53, 72, 99),
      (933): (22, 39, 48, 66, 78),
      (934): (8, 20, 23, 40, 71, 75),
      (935): (8, 20, 40, 69, 79, 93),
      (936): (46, 51, 72),
      (937): (55, 74, 91),
      (938): (18, 24, 59, 71, 79, 80),
      (939): (5, 11, 54, 58, 61, 79, 87),
      (940): (21, 39, 78),
      (941): (37, 57, 61, 83, 84, 97),
      (942): (8, 20, 40, 97),
      (943): (8, 19, 20, 23, 40, 71, 75),
      (944): (11, 36, 58, 61, 87),
      (945): (37, 43, 57, 61, 97, 98),
      (946): (13, 72),
      (947): (45, 75, 91),
      (948): (37, 40, 46, 51),
      (949): (62, 67, 76, 93),
      (950): (21, 29, 31, 39, 48, 57, 78),
      (951): (41, 43, 57, 61, 83, 84, 98),
      (952): (13, 37, 40, 44, 53, 72, 99),
      (953): (40, 67, 76),
      (954): (43, 57, 97, 98),
      (955): (21, 22, 31, 48, 57),
      (956): (21, 22, 29),
      (957): (6, 25, 41, 42, 48, 68, 87),
      (958): (13, 40, 46, 99),
      (959): (58, 87),
      (960): (17, 40, 61, 62, 67, 72),
      (961): (6, 41, 72),
      (962): (19, 20, 71, 98),
      (963): (5, 11, 36, 61),
      (964): (55, 74, 81),
      (965): (81, 84, 87),
      (966): (5, 18, 33, 47, 59, 80),
      (967): (45, 74, 75, 87, 91),
      (968): (37, 41, 43, 57, 61),
      (969): (43, 61, 83, 84),
      (970): (37, 40, 44, 46),
      (971): (13, 46, 99),
      (972): (6, 41, 55, 87),
      (973): (13, 40, 46),
      (974): (8, 20, 25, 79),
      (975): (8, 20, 40, 69, 79, 97),
      (976): (84, 91),
      (977): (21, 22, 29, 31, 78),
      (978): (17, 62, 72),
      (979): (75, 81, 84, 91),
      (980): (61, 67, 72, 76),
      (981): (6, 41, 42, 48, 72, 87),
      (982): (41, 43, 61, 83, 84, 98),
      (983): (21, 22, 31, 39, 48, 78),
      (984): (55, 74, 81, 84, 87, 91, 100),
      (985): (11, 36, 58, 61),
      (986): (18, 33, 47, 79, 80),
      (987): (37, 43, 61, 83, 84),
      (988): (45, 55, 87, 91, 100),
      (989): (37, 40, 51, 99),
      (990): (6, 25, 48, 55),
      (991): (74, 81, 84, 87, 100),
      (992): (25, 40, 69, 93, 97),
      (993): (22, 29, 31, 57, 78),
      (994): (13, 37, 40, 51, 53, 72),
      (995): (37, 57, 61, 84, 98),
      (996): (37, 57, 61, 83, 84),
      (997): (37, 40, 46, 51, 99),
      (998): (21, 31, 39, 48, 66, 78),
      (999): (31, 48, 57, 66),
      (1000): (5, 11, 58, 61),
      (1001): (36, 54, 58, 79),
      (1002): (40, 69, 97),
      (1003): (21, 22, 29, 31, 39, 48, 66),
      (1004): (24, 47, 59, 71, 80),
      (1005): (8, 20, 25, 69, 79),
      (1006): (17, 61, 67, 72, 76, 93),
      (1007): (21, 29, 39, 48, 66, 78),
      (1008): (84, 97),
      (1009): (8, 20, 25, 40, 69),
      (1010): (81, 84, 91),
      (1011): (8, 19, 20, 75, 98),
      (1012): (8, 20, 23, 66, 71),
      (1013): (37, 41, 43, 57, 61, 83, 84, 97),
      (1014): (41, 61, 83, 84, 97, 98),
      (1015): (40, 72, 76),
      (1016): (5, 18, 47, 59, 71, 80),
      (1017): (21, 22, 39, 48, 66, 78),
      (1018): (40, 62, 67, 72, 93),
      (1019): (5, 18, 33, 47, 59),
      (1020): (13, 37, 44, 46, 51, 53, 72, 99),
      (1021): (54, 58, 61, 87),
      (1022): (17, 40, 76, 93),
      (1023): (13, 44, 46, 51, 99),
      (1024): (45, 55, 75, 81, 84, 100),
      (1025): (13, 44, 46, 51, 53, 72),
      (1026): (8, 69, 79, 93),
      (1027): (24, 71, 80),
      (1028): (13, 40, 46, 53, 72),
      (1029): (17, 67, 72),
      (1030): (21, 22, 31, 39, 57, 66, 78),
      (1031): (8, 19, 20, 66, 71, 75, 98),
      (1032): (21, 39, 66, 78),
      (1033): (74, 81, 84, 87, 91),
      (1034): (75, 81, 84, 87),
      (1035): (13, 37, 44, 72),
      (1036): (55, 74, 75, 81, 84, 87, 100),
      (1037): (45, 55, 74, 81, 84),
      (1038): (37, 41, 57, 61, 97, 98),
      (1039): (6, 8, 69, 79),
      (1040): (13, 44, 46, 53, 99),
      (1041): (21, 31, 39, 48, 57, 66),
      (1042): (37, 41, 43, 61, 84, 97, 98),
      (1043): (6, 8, 20, 40, 69, 93, 97),
      (1044): (45, 55, 74, 84, 100),
      (1045): (11, 36, 61, 87),
      (1046): (61, 67),
      (1047): (40, 44, 46, 51, 53),
      (1048): (31, 57, 66),
      (1049): (13, 37, 46, 99),
      (1050): (25, 41, 42, 48, 68, 72, 87),
      (1051): (13, 37, 40, 44, 46, 51, 53, 72),
      (1052): (66, 71, 98),
      (1053): (18, 24, 33, 47, 59, 79, 80),
      (1054): (74),
      (1055): (75, 81, 91),
      (1056): (6, 42, 48),
      (1057): (5, 18, 24, 33, 47, 59),
      (1058): (13, 37, 44, 51, 53),
      (1059): (21, 29, 31, 39, 57, 66),
      (1060): (55, 74, 75, 84, 91),
      (1061): (45, 74, 75, 84, 87),
      (1062): (18, 33, 47, 59, 79),
      (1063): (8, 20, 23, 40, 71, 75, 98),
      (1064): (6, 8, 69, 79, 93),
      (1065): (21, 22, 39, 48, 78),
      (1066): (6, 8, 25, 79, 97),
      (1067): (8, 23, 40, 66, 71, 98),
      (1068): (11, 36, 54, 58),
      (1069): (6, 8, 20, 40, 79, 93, 97),
      (1070): (45, 75, 81, 87),
      (1071): (5, 11, 36, 54, 58),
      (1072): (25, 42, 55),
      (1073): (6, 48, 55, 72),
      (1074): (37, 43, 57, 61, 98),
      (1075): (55, 74, 84, 87, 91),
      (1076): (31, 39, 48, 78),
      (1077): (5, 18, 24, 33, 47, 80),
      (1078): (18, 24, 33, 47),
      (1079): (55, 75, 84, 87, 91),
      (1080): (21, 22, 29, 39, 57, 66, 78),
      (1081): (55, 75, 91, 100),
      (1082): (13, 44, 99),
      (1083): (29, 39, 66, 78),
      (1084): (18, 24, 33, 71),
      (1085): (21, 22, 39, 78),
      (1086): (19, 20, 23, 40, 66, 71, 75, 98),
      (1087): (5, 18, 24, 47, 71),
      (1088): (22, 31, 39, 48, 57, 66, 78),
      (1089): (74, 87, 100),
      (1090): (81, 87, 91, 100),
      (1091): (43, 61, 97),
      (1092): (6, 48, 72),
      (1093): (25, 41, 42, 48, 72, 87),
      (1094): (6, 25, 41, 42, 72, 87),
      (1095): (21, 22, 31, 39, 57),
      (1096): (37, 57, 61, 83, 84, 97, 98),
      (1097): (17, 61, 62),
      (1098): (25, 42, 55, 72, 87),
      (1099): (29, 31, 39, 78),
      (1100): (58, 61, 87),
      (1101): (45, 75, 81, 87, 91, 100),
      (1102): (18, 24, 33, 47, 71),
      (1103): (61, 62, 76, 93),
      (1104): (39, 48, 57, 66, 78),
      (1105): (8, 66, 75, 98),
      (1106): (74, 81, 91, 100),
      (1107): (13, 46),
      (1108): (6, 42, 55, 68, 72),
      (1109): (17, 40, 61, 62),
      (1110): (18, 47, 71),
      (1111): (54, 58, 79),
      (1112): (6, 25, 41, 42, 68, 72),
      (1113): (5, 18, 24, 47, 59, 71, 79),
      (1114): (37, 41, 43, 57, 61, 83, 84),
      (1115): (57, 61, 83, 84, 97, 98),
      (1116): (5, 36, 54, 58, 79),
      (1117): (8, 19, 20, 23, 40, 66, 71),
      (1118): (19, 23, 40, 66, 75, 98),
      (1119): (13, 37, 40, 53, 72),
      (1120): (8, 20, 71),
      (1121): (8, 19, 20, 40, 75, 98),
      (1122): (13, 46, 51, 72),
      (1123): (55, 75, 81, 84, 91, 100),
      (1124): (37, 57, 61, 84, 97, 98),
      (1125): (62, 67, 72, 93),
      (1126): (17, 40, 62, 93),
      (1127): (55, 75, 81, 91, 100),
      (1128): (25, 42, 48, 68),
      (1129): (21, 22, 39, 66, 78),
      (1130): (5, 11, 36, 58, 61, 87),
      (1131): (37, 41, 57, 61, 98),
      (1132): (5, 24, 47, 59, 71, 80),
      (1133): (41, 48, 68, 72, 87),
      (1134): (66, 75),
      (1135): (6, 25, 41, 72, 87),
      (1136): (8, 20, 40, 66, 71, 98),
      (1137): (37, 43, 57, 61, 83, 84),
      (1138): (41, 43, 84, 98),
      (1139): (25, 41, 68, 72),
      (1140): (74, 75, 81, 84, 91, 100),
      (1141): (5, 58, 87),
      (1142): (45, 55, 74, 75, 87),
      (1143): (45, 74, 75, 81, 87),
      (1144): (5, 33, 47, 71, 80),
      (1145): (21, 29, 31, 39, 57, 78),
      (1146): (55, 74, 87, 100),
      (1147): (37, 41, 84),
      (1148): (45, 74, 81, 84, 87),
      (1149): (40, 62, 76, 93),
      (1150): (18, 24, 47, 59, 71, 79),
      (1151): (41, 83, 84, 97),
      (1152): (29, 31, 57, 78),
      (1153): (37, 41, 43, 84, 97),
      (1154): (6, 25, 41, 87),
      (1155): (45, 74, 75),
      (1156): (8, 19, 23, 66, 75, 98),
      (1157): (25, 41, 42, 55, 68, 72),
      (1158): (22, 29, 39),
      (1159): (45, 55, 81, 91, 100),
      (1160): (40, 61, 62, 72, 76),
      (1161): (55, 74, 75, 81, 84),
      (1162): (22, 29, 31, 39, 57, 66, 78),
      (1163): (8, 19, 20, 23, 66, 71, 75),
      (1164): (37, 44, 46, 53, 72),
      (1165): (5, 18, 24, 47, 59, 71, 79, 80),
      (1166): (37, 41, 43, 84, 98),
      (1167): (17, 72),
      (1168): (55, 81, 87, 91, 100),
      (1169): (37, 41, 83, 84),
      (1170): (6, 41, 55, 68),
      (1171): (21, 22, 29, 31, 39, 78),
      (1172): (21, 22, 29, 31, 39, 57, 78),
      (1173): (11, 58, 61, 79),
      (1174): (41, 57, 84, 97),
      (1175): (41, 42, 48, 55, 68, 72),
      (1176): (13, 40, 46, 72, 99),
      (1177): (19, 20, 23, 40, 66, 71, 98),
      (1178): (13, 44, 53, 72, 99),
      (1179): (55, 74, 100),
      (1180): (5, 18, 33, 59, 80),
      (1181): (55, 87, 100),
      (1182): (6, 25, 48, 55, 68),
      (1183): (21, 22, 29, 31, 39, 48, 78),
      (1184): (20, 40, 69, 97),
      (1185): (37, 61, 83, 84, 97, 98),
      (1186): (5, 24, 33, 59, 80),
      (1187): (5, 36, 61, 79),
      (1188): (13, 37, 40, 51, 53, 72, 99),
      (1189): (21, 29, 39, 57, 78),
      (1190): (13, 40, 44, 72, 99),
      (1191): (17, 61, 62, 72, 93),
      (1192): (5, 18, 33, 79),
      (1193): (45, 55, 91, 100),
      (1194): (25, 40, 93, 97),
      (1195): (8, 79, 93),
      (1196): (18, 24, 59, 71, 79),
      (1197): (41, 43, 84),
      (1198): (13, 37, 40, 72),
      (1199): (5, 33, 71, 79, 80),
      (1200): (37, 43, 61, 83, 84, 97),
      (1201): (37, 43, 61, 83, 84, 97, 98),
      (1202): (5, 11, 54, 58, 87),
      (1203): (74, 81, 84, 91, 100),
      (1204): (23, 40, 66, 71, 98),
      (1205): (41, 48, 68, 72),
      (1206): (13, 44, 53),
      (1207): (5, 24, 47, 71, 80),
      (1208): (74, 75, 81, 87, 91, 100),
      (1209): (17, 40, 61, 62, 93),
      (1210): (22, 31, 48, 57, 66),
      (1211): (6, 25, 41, 42, 55, 68, 72),
      (1212): (13, 40, 46, 51),
      (1213): (6, 8, 79),
      (1214): (17, 40, 62, 72, 76, 93),
      (1215): (41, 57, 61, 83, 84, 97, 98),
      (1216): (6, 55, 68, 72),
      (1217): (45, 55, 74, 75, 87, 100),
      (1218): (41, 57, 84),
      (1219): (45, 55, 75, 81, 84, 87, 100),
      (1220): (55, 75, 81, 87, 91, 100),
      (1221): (5, 24, 47, 71),
      (1222): (5, 24, 33, 47, 59, 80),
      (1223): (37, 46, 51),
      (1224): (74, 75, 81, 84, 87, 91),
      (1225): (8, 19, 20, 40, 66, 71, 98),
      (1226): (43, 57, 61, 83),
      (1227): (5, 11, 54, 58, 79, 87),
      (1228): (21, 29, 39, 78),
      (1229): (6, 25, 42, 72, 87),
      (1230): (6, 8, 25, 40, 79),
      (1231): (55, 74, 75, 87),
      (1232): (25, 41, 48, 55),
      (1233): (22, 31, 39, 57),
      (1234): (6, 40, 69, 93, 97),
      (1235): (6, 25, 41, 42, 48, 68),
      (1236): (45, 75, 84, 91, 100),
      (1237): (74, 75, 100),
      (1238): (45, 55, 74, 75, 81, 87, 100),
      (1239): (39, 66, 78),
      (1240): (55, 75, 87, 100),
      (1241): (13, 37, 40, 44, 51),
      (1242): (37, 40, 46, 51, 53),
      (1243): (13, 37, 44, 46, 53, 72, 99),
      (1244): (22, 31, 48, 57, 66, 78),
      (1245): (37, 44, 46, 53),
      (1246): (37, 44, 46),
      (1247): (13, 40, 44, 53, 72, 99),
      (1248): (13, 40, 44, 46, 53),
      (1249): (21, 22, 31, 57),
      (1250): (5, 11, 36, 58, 61),
      (1251): (6, 40, 79, 93, 97),
      (1252): (18, 24, 33, 71, 79),
      (1253): (45, 74, 75, 84, 87, 91, 100),
      (1254): (74, 75, 87, 91),
      (1255): (84, 91, 100),
      (1256): (45, 75, 84, 91),
      (1257): (18, 24, 47, 71, 79),
      (1258): (29, 39, 78),
      (1259): (37, 43, 57, 61, 84, 97),
      (1260): (19, 20, 23, 66, 75),
      (1261): (58, 61, 79, 87),
      (1262): (5, 36, 58, 79),
      (1263): (55, 74, 75, 84, 87, 91, 100),
      (1264): (76),
      (1265): (37, 40, 51),
      (1266): (41, 48, 72),
      (1267): (8, 19, 20, 23, 66, 75, 98),
      (1268): (20, 40, 66, 71, 75, 98),
      (1269): (5, 24, 33, 47, 59, 71, 79),
      (1270): (45, 74, 81, 84, 91, 100),
      (1271): (29, 31, 39, 66, 78),
      (1272): (5, 18, 24, 33, 47, 71, 80),
      (1273): (6, 25, 55),
      (1274): (5, 11, 36, 58, 61, 79, 87),
      (1275): (6, 25, 41, 42, 55, 72),
      (1276): (6, 25, 55, 68),
      (1277): (37, 41, 57, 84, 98),
      (1278): (37, 40, 44, 46, 53, 72),
      (1279): (5, 18, 33, 47, 59, 71, 80),
      (1280): (55, 74, 75, 81, 91),
      (1281): (37, 40, 46, 51, 72, 99),
      (1282): (22, 39, 66, 78),
      (1283): (6, 68, 72),
      (1284): (37, 44, 53),
      (1285): (24, 33, 59, 71, 80),
      (1286): (17, 40, 62),
      (1287): (21, 31, 48, 57, 78),
      (1288): (22, 39, 78),
      (1289): (6, 8, 40, 69, 79, 93, 97),
      (1290): (41, 43, 61, 84, 98),
      (1291): (45, 84, 91, 100),
      (1292): (8, 20, 25, 69, 93),
      (1293): (22, 29, 31, 39, 48, 57, 66, 78),
      (1294): (37, 41, 84, 98),
      (1295): (39, 78),
      (1296): (17, 62, 93),
      (1297): (55, 74, 81, 87, 100),
      (1298): (13, 40, 44, 51, 53),
      (1299): (37, 43, 61, 83, 84, 98),
      (1300): (6, 25, 41, 42, 55, 87),
      (1301): (11, 36, 54, 58, 61, 87),
      (1302): (45, 74, 75, 91),
      (1303): (83, 84, 97),
      (1304): (5, 18, 24, 33, 47, 59, 79, 80),
      (1305): (21, 31, 39, 48, 78),
      (1306): (54, 58, 61),
      (1307): (11, 36, 61),
      (1308): (6, 25, 41, 68, 72, 87),
      (1309): (43, 57, 83, 84, 98),
      (1310): (5, 33, 47, 59, 71, 79, 80),
      (1311): (37, 41, 43, 57, 61, 83, 84, 97, 98),
      (1312): (57, 84, 98),
      (1313): (37, 83, 84, 97, 98),
      (1314): (37, 41, 43, 61, 84),
      (1315): (84, 100),
      (1316): (41, 84, 97),
      (1317): (6, 41, 42, 48, 55, 87),
      (1318): (6, 25, 41, 48, 55, 72, 87),
      (1319): (6, 41, 48, 55, 68, 72, 87),
      (1320): (6, 55, 72, 87),
      (1321): (8, 40, 79, 93),
      (1322): (5, 18, 24, 33, 47),
      (1323): (40, 61, 67, 76, 93),
      (1324): (6, 42, 72, 87),
      (1325): (8, 40, 66, 71, 75),
      (1326): (17, 40, 61, 67, 72),
      (1327): (6, 25, 48, 55, 72, 87),
      (1328): (25, 42, 48, 87),
      (1329): (37, 43, 57, 61, 83, 84, 97),
      (1330): (8, 20, 23, 40, 66),
      (1331): (45, 74, 75, 84, 100),
      (1332): (18, 24, 33, 47, 79),
      (1333): (13, 44, 46, 53),
      (1334): (45, 74, 81, 87, 100),
      (1335): (5, 36, 58, 79, 87),
      (1336): (6, 41, 48, 55, 72, 87),
      (1337): (19, 40, 66, 75, 98),
      (1338): (17, 61, 67, 93),
      (1339): (8, 19, 20, 40, 71, 75, 98),
      (1340): (6, 8, 20, 25, 40, 69, 79, 93, 97),
      (1341): (55, 81, 87, 91),
      (1342): (74, 75, 84, 91),
      (1343): (13, 51, 53, 72),
      (1344): (22, 29, 31, 39, 48, 66, 78),
      (1345): (20, 69),
      (1346): (5, 18, 33, 59, 79, 80),
      (1347): (18, 24, 33, 47, 59, 71),
      (1348): (24, 47, 59, 71),
      (1349): (8, 19, 20, 23, 66, 71, 75, 98),
      (1350): (6, 8, 20, 25, 79),
      (1351): (40, 67, 72, 76),
      (1352): (11, 54, 58, 87),
      (1353): (8, 20, 25, 40, 79),
      (1354): (13, 37, 53, 99),
      (1355): (41, 43, 57, 61),
      (1356): (18, 24, 47, 79),
      (1357): (37, 40, 44, 46, 99),
      (1358): (19, 20, 23, 66, 75, 98),
      (1359): (58, 61, 79),
      (1360): (45, 55, 81, 84, 100),
      (1361): (6, 55, 68, 72, 87),
      (1362): (62, 72, 76, 93),
      (1363): (8, 20, 23, 71, 75),
      (1364): (45, 81, 84, 87),
      (1365): (45, 81, 84, 87, 100),
      (1366): (17),
      (1367): (6, 8, 20, 69, 97),
      (1368): (45, 55, 74, 75, 81, 84),
      (1369): (8, 19, 71, 98),
      (1370): (22, 31, 39, 48, 57),
      (1371): (45, 55, 74, 75, 81, 84, 91),
      (1372): (13, 37, 46, 53, 72),
      (1373): (5, 18, 24, 33, 47, 71, 79, 80),
      (1374): (5, 18, 24, 33, 59, 71, 80),
      (1375): (6, 8, 20, 25, 69),
      (1376): (40, 61, 72, 76, 93),
      (1377): (5, 24, 33, 59),
      (1378): (41, 57, 61, 98),
      (1379): (6, 25, 41, 55, 72),
      (1380): (46, 51, 53, 99),
      (1381): (17, 40, 67),
      (1382): (37, 41, 43, 57, 61, 84),
      (1383): (40, 44, 51, 72, 99),
      (1384): (6, 25, 48, 55, 87),
      (1385): (22, 29, 39, 66),
      (1386): (18, 47, 59, 79, 80),
      (1387): (45, 55, 75, 81, 84, 87, 91),
      (1388): (37, 41, 43, 57, 61, 98),
      (1389): (45, 74, 75, 84, 91),
      (1390): (6, 40, 79, 97),
      (1391): (5, 18, 47, 59, 71),
      (1392): (22, 31, 39, 48, 78),
      (1393): (6, 25, 41, 42, 55, 68, 87),
      (1394): (84, 98),
      (1395): (6, 20, 25, 40, 69, 97),
      (1396): (13, 37, 46),
      (1397): (37, 51, 53),
      (1398): (41, 43, 57, 83, 98),
      (1399): (17, 40, 72, 76, 93),
      (1400): (6, 25, 41, 48, 68, 72, 87),
      (1401): (45, 75, 81, 87, 100),
      (1402): (18, 47, 59, 71),
      (1403): (45, 74, 84),
      (1404): (13, 37, 44, 46, 72),
      (1405): (22, 29, 39, 48, 57, 66, 78),
      (1406): (21, 22, 29, 31, 48, 66),
      (1407): (21, 22, 29, 31, 39, 48, 57, 66, 78),
      (1408): (37, 40, 44, 46, 51, 72, 99),
      (1409): (55, 75, 87, 91),
      (1410): (5, 11, 58, 87),
      (1411): (45, 55, 74, 91, 100),
      (1412): (75, 81, 84, 87, 91, 100),
      (1413): (6, 25, 41, 42, 48, 55, 72),
      (1414): (6, 41, 42, 48, 55, 68, 72, 87),
      (1415): (37, 44, 46, 51, 72),
      (1416): (21, 22, 31, 39, 66, 78),
      (1417): (23, 66, 75),
      (1418): (22, 39, 57, 78),
      (1419): (5, 18, 24, 47, 59, 80),
      (1420): (5, 33, 59, 71, 79, 80),
      (1421): (45, 55, 84, 87, 91),
      (1422): (13, 40, 44, 46, 99),
      (1423): (37, 40, 44, 72, 99),
      (1424): (5, 36, 61, 87),
      (1425): (13, 37, 40, 51, 99),
      (1426): (43, 57, 98),
      (1427): (21, 29, 31, 39, 48, 57, 66, 78),
      (1428): (13),
      (1429): (13, 37, 40, 46, 51, 99),
      (1430): (40, 61, 76, 93),
      (1431): (18, 33, 47, 71, 80),
      (1432): (37, 40, 44, 46, 72, 99),
      (1433): (17, 40, 72),
      (1434): (8, 19, 20, 23, 40, 66, 71, 75, 98),
      (1435): (75, 84, 91),
      (1436): (18, 24, 33, 47, 59, 71, 79),
      (1437): (45, 81, 87),
      (1438): (74, 84, 87, 91),
      (1439): (37, 40, 44, 51),
      (1440): (8, 19, 20, 40, 71, 98),
      (1441): (6, 25, 41, 55, 68),
      (1442): (43, 84),
      (1443): (57, 83, 97, 98),
      (1444): (57, 61, 83, 84, 97),
      (1445): (6, 20, 25, 69, 79),
      (1446): (71, 98),
      (1447): (74, 75, 81, 87),
      (1448): (45, 74, 75, 91, 100),
      (1449): (37, 44, 46, 51, 99),
      (1450): (37, 84),
      (1451): (22, 31, 39, 66, 78),
      (1452): (36, 54),
      (1453): (41, 43, 84, 97, 98),
      (1454): (25, 42, 48, 72),
      (1455): (8, 19, 20, 23, 71, 75),
      (1456): (37, 41, 57, 83, 84, 98),
      (1457): (5, 18, 33, 59, 79),
      (1458): (13, 46, 51, 53, 99),
      (1459): (45, 75, 81, 84, 87),
      (1460): (5, 18, 24, 33, 47, 59, 80),
      (1461): (6, 8, 20, 25, 40, 93, 97),
      (1462): (11, 54, 58, 61, 79),
      (1463): (8, 25, 69, 79),
      (1464): (41, 42, 48, 55, 68),
      (1465): (37, 46, 51, 72, 99),
      (1466): (45, 74, 84, 91, 100),
      (1467): (20, 23, 40, 66, 71, 75),
      (1468): (22, 39, 48, 57, 78),
      (1469): (37, 44, 46, 72),
      (1470): (45, 55, 81, 84, 87, 91, 100),
      (1471): (20, 25, 40, 69),
      (1472): (41, 61, 83, 84, 98),
      (1473): (8, 19, 20, 23, 40, 98),
      (1474): (8, 71, 98),
      (1475): (37, 51, 72, 99),
      (1476): (22, 29, 39, 48, 66, 78),
      (1477): (5, 54, 61),
      (1478): (8, 19, 20, 40, 66, 71, 75),
      (1479): (36, 54, 61),
      (1480): (61, 84, 97, 98),
      (1481): (17, 61, 62, 67, 72, 76),
      (1482): (5, 24, 47, 59, 71),
      (1483): (37, 51),
      (1484): (17, 40, 61, 67, 93),
      (1485): (25, 42, 48, 55, 72, 87),
      (1486): (6, 8, 20, 40, 79),
      (1487): (40, 51, 53, 99),
      (1488): (25, 41, 42, 68, 72),
      (1489): (45, 81, 84, 87, 91, 100),
      (1490): (45, 55, 74, 87, 91, 100),
      (1491): (13, 40, 44, 72),
      (1492): (8, 19, 20, 23, 40, 66),
      (1493): (8, 19, 66, 71, 75, 98),
      (1494): (13, 37, 44, 46),
      (1495): (36, 61),
      (1496): (31, 39, 48, 57, 66, 78),
      (1497): (41, 43, 61, 83, 98),
      (1498): (8, 19, 20, 23, 40, 66, 71, 98),
      (1499): (13, 40, 51, 53, 72, 99),
      (1500): (5, 24, 47, 71, 79),
      (1501): (6, 41, 42, 55, 72, 87),
      (1502): (25, 41, 48, 55, 87),
      (1503): (18, 24, 33, 47, 71, 79),
      (1504): (19, 20, 66, 75),
      (1505): (21, 39, 48, 57, 66, 78),
      (1506): (45, 74, 84, 87, 91),
      (1507): (6, 25, 48, 55, 68, 87),
      (1508): (43, 83, 84, 98),
      (1509): (21, 22, 29, 31, 57),
      (1510): (8, 19, 20, 40, 66),
      (1511): (55, 81, 84, 91),
      (1512): (25, 42, 48, 68, 72),
      (1513): (13, 37, 40, 44, 46, 99),
      (1514): (13, 37, 40, 46, 72),
      (1515): (41, 48, 55, 72, 87),
      (1516): (40, 61, 62, 67, 93),
      (1517): (6, 8, 40, 79, 93, 97),
      (1518): (83, 84, 97, 98),
      (1519): (45, 55, 74, 81, 87, 91),
      (1520): (55, 75, 81, 87, 91),
      (1521): (40, 61, 62, 67, 76),
      (1522): (13, 37, 46, 51, 99),
      (1523): (6, 8, 20, 25, 40, 69, 93, 97),
      (1524): (40, 61, 62, 93),
      (1525): (45, 75, 84, 100),
      (1526): (41, 57, 61, 84, 97, 98),
      (1527): (5, 18, 33, 47, 59, 71, 79, 80),
      (1528): (37, 41, 43, 84),
      (1529): (61, 83, 84, 97, 98),
      (1530): (40, 46, 51, 53, 99),
      (1531): (8, 19, 20, 66, 98),
      (1532): (6, 8, 20, 25, 40, 79, 93, 97),
      (1533): (20, 23, 40, 71, 75, 98),
      (1534): (17, 67, 72, 76, 93),
      (1535): (6, 8, 20, 69, 79, 93, 97),
      (1536): (75, 81, 87, 100),
      (1537): (6, 8, 25, 79),
      (1538): (13, 37, 46, 72, 99),
      (1539): (40, 61),
      (1540): (8, 20),
      (1541): (21, 22, 29, 39, 57),
      (1542): (8, 79, 97),
      (1543): (81, 84, 87, 100),
      (1544): (21, 31, 39, 48, 57, 78),
      (1545): (11, 54, 58, 79, 87),
      (1546): (45, 74, 81, 91, 100),
      (1547): (5, 18, 24, 33, 59, 71),
      (1548): (6, 20, 40, 69, 79, 97),
      (1549): (74, 75, 81, 91, 100),
      (1550): (18, 24, 33, 47, 59, 71, 80),
      (1551): (37, 41, 43, 61, 83, 97, 98),
      (1552): (25, 41, 55, 68),
      (1553): (31, 57, 78),
      (1554): (6, 48, 55, 68, 72),
      (1555): (13, 37, 44, 72, 99),
      (1556): (45, 55, 74, 75, 81, 84, 87, 91, 100),
      (1557): (37, 41, 83, 84, 97),
      (1558): (8, 19, 20, 23, 66, 98),
      (1559): (6, 25, 42, 68, 72),
      (1560): (5, 36, 54, 61, 79, 87),
      (1561): (8, 20, 40, 71, 75, 98),
      (1562): (37, 43, 57, 61, 83, 98),
      (1563): (20, 71, 98),
      (1564): (37, 40, 44, 53),
      (1565): (84, 97, 98),
      (1566): (37, 43, 57, 84, 97),
      (1567): (37, 43, 57, 97, 98),
      (1568): (13, 37, 40, 44, 51, 99),
      (1569): (13, 40, 51, 99),
      (1570): (74, 84),
      (1571): (31, 39, 48, 66, 78),
      (1572): (13, 51, 53, 72, 99),
      (1573): (5, 11, 36, 54, 79),
      (1574): (43, 57, 83, 97, 98),
      (1575): (8, 20, 25, 69, 93, 97),
      (1576): (5, 18, 47, 59, 71, 79, 80),
      (1577): (74, 75, 84, 87),
      (1578): (6, 25, 48),
      (1579): (40, 61, 62, 67, 72),
      (1580): (45, 55, 74, 81, 87),
      (1581): (13, 72, 99),
      (1582): (5, 18, 24, 71, 79, 80),
      (1583): (20, 69, 93),
      (1584): (84),
      (1585): (55, 74, 75, 91, 100),
      (1586): (25, 42, 87),
      (1587): (6, 48, 68, 72),
      (1588): (91, 100),
      (1589): (6, 25, 41, 68, 72),
      (1590): (43, 61, 83, 98),
      (1591): (41, 72, 87),
      (1592): (22, 29, 39, 78),
      (1593): (23, 71, 75, 98),
      (1594): (45, 55, 74, 75, 91, 100),
      (1595): (18, 33, 47, 59),
      (1596): (22, 29, 31, 48, 66),
      (1597): (55, 74, 75, 81, 84, 91),
      (1598): (5, 18, 24, 33, 71),
      (1599): (20, 40, 66, 71, 75),
      (1600): (13, 44),
      (1601): (8, 19, 20, 23, 66),
      (1602): (37, 44, 53, 72),
      (1603): (41, 83, 84),
      (1604): (37, 40, 44, 53, 72, 99),
      (1605): (37, 41, 43, 57, 61, 83, 97, 98),
      (1606): (41, 68, 72, 87),
      (1607): (6, 8, 20, 69, 93),
      (1608): (45, 74, 87, 91),
      (1609): (67, 72, 76),
      (1610): (13, 40, 46, 51, 53, 72),
      (1611): (45, 74, 75, 84, 87, 91),
      (1612): (45, 74, 75, 87, 91, 100),
      (1613): (5, 33, 47, 79),
      (1614): (25, 42, 48, 72, 87),
      (1615): (8, 20, 25, 40, 69, 79, 97),
      (1616): (5, 24, 71, 79),
      (1617): (17, 61, 76, 93),
      (1618): (45, 74, 75, 81, 91, 100),
      (1619): (25, 42, 48, 55, 68, 72, 87),
      (1620): (74, 91, 100),
      (1621): (17, 40, 61, 93),
      (1622): (25, 42, 72),
      (1623): (37, 61, 84, 97, 98),
      (1624): (61, 62, 72, 76),
      (1625): (5, 18, 33, 47, 79),
      (1626): (5, 11, 36, 54, 79, 87),
      (1627): (74, 75, 84, 87, 91),
      (1628): (19, 20, 23, 40, 71, 75, 98),
      (1629): (24, 59, 71, 79, 80),
      (1630): (5, 33, 47, 59, 71, 80),
      (1631): (45, 81, 84, 91),
      (1632): (11, 36, 54, 61, 79),
      (1633): (17, 61, 72, 76, 93),
      (1634): (25, 41, 55),
      (1635): (6, 8, 20, 25, 40, 79, 93),
      (1636): (21, 29, 31, 39, 48, 66, 78),
      (1637): (11, 36, 54, 87),
      (1638): (44, 51, 72, 99),
      (1639): (24, 59, 71, 80),
      (1640): (6, 42, 55, 68, 72, 87),
      (1641): (8, 19, 23, 40, 66, 71, 98),
      (1642): (13, 44, 53, 72),
      (1643): (8, 19, 20, 66),
      (1644): (25, 41, 55, 68, 87),
      (1645): (6, 25, 42, 48, 55),
      (1646): (21, 22, 29, 31, 48),
      (1647): (8, 20, 23, 66, 75, 98),
      (1648): (25, 41, 48, 55, 68, 72),
      (1649): (8, 20, 23, 66, 98),
      (1650): (17, 62, 67, 93),
      (1651): (41, 43, 57, 98),
      (1652): (21, 29, 31, 39, 57, 66, 78),
      (1653): (13, 37, 40, 44, 51, 53, 72),
      (1654): (8, 20, 25, 40, 69, 79, 93),
      (1655): (18, 24, 47, 71, 80),
      (1656): (37, 43, 57, 61, 84, 98),
      (1657): (5, 18, 33, 47, 71, 80),
      (1658): (21, 22, 39, 57, 78),
      (1659): (21, 22, 31, 48, 57, 66, 78),
      (1660): (43, 84, 97, 98),
      (1661): (21, 29, 31, 39, 48, 78),
      (1662): (8, 20, 40),
      (1663): (61, 62, 67, 93),
      (1664): (37, 43, 57, 61),
      (1665): (6, 8, 40, 79, 93),
      (1666): (6, 8, 20, 25, 69, 79, 97),
      (1667): (6, 8, 20, 69, 79),
      (1668): (37, 41, 43, 57, 61, 97),
      (1669): (8, 20, 69, 79, 93, 97),
      (1670): (13, 37, 99),
      (1671): (25, 40, 97),
      (1672): (43, 57, 61, 83, 98),
      (1673): (61, 62, 67, 76, 93),
      (1674): (45, 55, 84, 87, 100),
      (1675): (22, 39, 57, 66, 78),
      (1676): ()
      
      }
   
   }
}
}
